using Statistics, StatsBase, PortfolioOptimiser
using CSV, DataFrames, TimeSeries, LinearAlgebra, JuMP, Ipopt, ECOS

# Reading in the data; preparing expected returns and a risk model
df = CSV.read("./test/assets/stock_prices.csv", DataFrame)
tickers = names(df)[2:end]
returns = returns_from_prices(df[!, 2:end])

mu = ret_model(MeanRet(), Matrix(dropmissing(returns)))
S = risk_matrix(SampleCov(), Matrix(dropmissing(returns)))

n = length(names(df)[2:end])
prev_weights = fill(1 / length(names(df)[2:end]), length(names(df)[2:end]))
prev_weights = rand(n)
prev_weights /= sum(prev_weights)

# JuMP doesn't support norm in the objective, so we need to turn them into constraints with MOI.NormOneCone.
# extra_vars = [:(z[1:($n)])]
# extra_constraints =
#     [:([$k * (model[:w] - $prev_weights); model[:z]] in MOI.NormOneCone($(n + n)))]
# Is equivalent to adding k * norm(model[:w] - prev_weights, 1) to the objective
k = 0.001
ef = EfficientFrontier(
    names(df)[2:end],
    mu,
    S;
    extra_vars = [:(z[1:($n)])],
    extra_constraints = [
        :([$k * (model[:w] - $prev_weights); model[:z]] in MOI.NormOneCone($(n + n))),
    ],
    # extra_obj_terms = [quote
    #     L2_reg(model[:w], 0.05)
    # end],
)
min_volatility!(ef)
display(ef.weights)

display(sum([k * ef.model[:w][i] - k * prev_weights[i] for i in 1:length(prev_weights)]))
max_sharpe!(ef)

function mean_barrier_objective(w, cov_matrix, k = 0.1)
    mean_sum = sum(w) / length(w)
    var = dot(w, cov_matrix, w)
    return var - k * mean_sum
end
function mean_barrier_objective(w::T...) where {T}
    # quote
    cov_mtx = obj_params[1]
    k = obj_params[2]
    w = [i for i in w]
    mean_barrier_objective(w, cov_mtx, k)
    # end
end
ef = EfficientFrontier(names(df)[2:end], mu, S;)
obj_params = [ef.cov_mtx, 0.001]
custom_optimiser!(ef, mean_barrier_objective, obj_params)

# Now try with a convex objective from  Kolm et al (2014)
function logarithmic_barrier(w::T...) where {T}
    cov_mtx = obj_params[1]
    k = obj_params[2]
    w = [i for i in w]
    PortfolioOptimiser.logarithmic_barrier(w, cov_mtx, k)
end
ef = EfficientFrontier(names(df)[2:end], mu, S)
obj_params = [ef.cov_mtx, 0.001]
custom_nloptimiser!(ef, logarithmic_barrier, obj_params)

# Kelly objective with weight bounds on zeroth asset
lower_bounds, upper_bounds = 0.01, 0.3
ef = EfficientFrontier(
    names(df)[2:end],
    mu,
    S;
    extra_constraints = [
        :(model[:w][1] >= $lower_bounds),
        :(model[:w][1] <= $upper_bounds),
    ],
)
obj_params = [ef.mean_ret, ef.cov_mtx, 1000]
custom_optimiser!(ef, kelly_objective, obj_params)

ef = EfficientFrontier(
    names(df)[2:end],
    mu,
    S;
    # extra_obj_terms = [quote
    #     L2_reg(model[:w], 1000)
    # end],
    # extra_obj_terms = [quote
    #     ragnar(model[:w], 1000)
    # end],
    # extra_obj_func = [quote
    #     function lothar(w, i)
    #         w[5] * w[3] - i
    #     end
    # end],
)

# Now try with a nonconvex objective from  Kolm et al (2014)
function deviation_risk_parity2(w, cov_mtx)
    tmp = w .* (cov_mtx * w) / dot(w, cov_mtx, w)
    return sum((tmp .- 1 / length(w)) .^ 2)
    # return sum(diff .* diff)
end

deviation_risk_parity(ef.weights, ef.cov_mtx)
deviation_risk_parity2(ef.weights, ef.cov_mtx)

@generated function deviation_risk_parity2(w::T...) where {T}
    quote
        cov_mtx = obj_params
        w = [i for i in w]
        deviation_risk_parity(w, cov_mtx)
    end
end

ef = EfficientFrontier(
    names(df)[2:end],
    mu,
    S;
    extra_constraints = [:(model[:w][1] == 0.1)],
    # extra_obj_terms = [quote
    #     L2_reg(model[:w], 1000)
    # end],
    # extra_obj_terms = [quote
    #     ragnar(model[:w], 1000)
    # end],
    # extra_obj_func = [quote
    #     function lothar(w, i)
    #         w[5] * w[3] - i
    #     end
    # end],
)
obj_params = ef.cov_mtx
custom_nloptimiser!(ef, deviation_risk_parity2, obj_params)

# Now try with a nonconvex objective from  Kolm et al (2014)
function deviation_risk_parity(w, cov_mtx)
    tmp = w .* (cov_mtx * w)
    diff = tmp .- tmp'
    return sum(diff .* diff)
end

@generated function deviation_risk_parity(w::T...) where {T}
    quote
        cov_mtx = obj_params
        w = [i for i in w]
        deviation_risk_parity(w, cov_mtx)
    end
end

obj_params = ef.cov_mtx
custom_nloptimiser!(ef, deviation_risk_parity, obj_params)
testweights = [
    0.051454512685994,
    0.052495693408016,
    0.04672186772311,
    0.042696174644532,
    0.044954259991844,
    0.05883506198745,
    0.029394830327411,
    0.074692721542761,
    0.038158465075084,
    0.048085082859006,
    0.076163515959687,
    0.034353673653056,
    0.027676787623678,
    0.064183101147794,
    0.036666040780056,
    0.043972747264416,
    0.05226758174384,
    0.07059143472995,
    0.045720677583482,
    0.060915769268832,
]
isapprox(ef.weights, testweights, rtol = 1e-1)
mu, sigma, sr = portfolio_performance(ef)
mutest, sigmatest, srtest = 0.09713251002640265, 0.14588119846495262, 0.5287350997800682
isapprox(mu, mutest, rtol = 1e-2)
isapprox(sigma, sigmatest, rtol = 1e-2)
isapprox(sr, srtest, rtol = 1e-1)

ef.weights .= testweights
lpAlloc, remaining = Allocation(LP(), ef, Vector(df[end, ef.tickers]); investment = 10000)
testshares = [1, 3, 3, 2, 46, 30, 9, 13, 12, 22, 21, 83, 8, 25, 6, 3, 20, 4, 10]
round.(lpAlloc.shares) == testshares

gAlloc, remaining =
    Allocation(Greedy(), ef, Vector(df[end, ef.tickers]); investment = 10000)
testshares = [21, 8, 20, 8, 10, 45, 3, 3, 1, 12, 3, 4, 6, 3, 13, 24, 20, 29, 83]
rmsd(Int.(round.(gAlloc.shares)), testshares) < 1

###############Alloc.tickers#########
# Black litterman
spy_prices = CSV.read("./test/assets/spy_prices.csv", DataFrame)
delta = market_implied_risk_aversion(spy_prices[!, 2])
deltatest = 2.685491066228311
delta ≈ deltatest

# In the order of the dataframes, the
mcapsdf = DataFrame(
    ticker = names(df)[2:end],
    mcap = [
        927e9,
        1.19e12,
        574e9,
        533e9,
        867e9,
        96e9,
        43e9,
        339e9,
        301e9,
        51e9,
        61e9,
        78e9,
        0,
        295e9,
        1e9,
        22e9,
        288e9,
        212e9,
        422e9,
        102e9,
    ],
)

prior = market_implied_prior_returns(mcapsdf[!, 2], S, delta)
priortest = [
    0.100018238563725
    0.095817277146265
    0.101974120071953
    0.103623740430225
    0.113305470289775
    0.064596564538619
    0.106300826264041
    0.052573811340803
    0.092296370665787
    0.073364357412511
    0.048205218070282
    0.095916237673261
    0.068649071964450
    0.062299939432165
    0.067232761782777
    0.067106130903036
    0.084316356398802
    0.058800474037087
    0.083208859167023
    0.071788977328806
]
prior ≈ priortest

# 1. SBUX drop by 20%
# 2. GOOG outperforms FB by 10%
# 3. BAC and JPM will outperform T and GE by 15%
views = [-0.20, 0.10, 0.15]
picking =
    hcat(
        [0, 0, 0, 0, 0, 0, 0, 0, 0, 0, 0, 0, 0, 0, 0, 0, 0, 0, 0, 1],
        [1, 0, -1, 0, 0, 0, 0, 0, 0, 0, 0, 0, 0, 0, 0, 0, 0, 0, 0, 0],
        [0, 0, 0, 0, 0, -0.5, 0, 0, 0.5, 0, -0.5, 0, 0, 0, 0, 0, 0, 0, 0.5, 0],
    )'

bl = BlackLitterman(
    mcapsdf[!, 1],
    S;
    rf = 0,
    tau = 0.01,
    pi = prior, # either a vector, `nothing`, `:equal`, or `:market`
    Q = views,
    P = picking,
)
testpost_ret = [
    0.058404059186963
    0.045896711623189
    0.007453320742957
    0.060355089645467
    0.041326156056687
    -0.000031349301321
    0.077691247532764
    0.011640256362282
    0.091419219703375
    0.030831889341423
    0.003819579599605
    0.012885885501672
    -0.005959314336322
    0.039596385262949
    0.049524436696886
    0.023233278987958
    0.035771855459317
    0.032196366540610
    0.070539152651673
    -0.059373291000260
]
bl.post_ret ≈ testpost_ret
testpost_cov = vcat(
    [0.05334874453292 0.024902672047444 0.035820877126815 0.03003762293178 0.040239757633216 0.015753746209349 0.020901320606043 0.010599290285722 0.022969634599781 0.018184452941796 0.010240781936638 0.025973258402243 0.009064297749123 0.013538208101076 0.006210715239239 0.012688234416409 0.025017676973642 0.01496297568946 0.020016194441763 0.021040600912291],
    [0.024902672047444 0.05378655346829 0.027715737668323 0.024028034151111 0.027240121725497 0.014780532959058 0.033098711831861 0.011552819915695 0.023921951319338 0.019261317981843 0.010624375436169 0.023173090065358 0.018121979504474 0.014968035434157 0.013747654871833 0.018860638211729 0.023508873867951 0.012939357937947 0.02174053531735 0.018137037509882],
    [0.035820877126815 0.027715737668323 0.065315687317338 0.030317625879565 0.038957855421918 0.017024676408514 0.029722501289929 0.00980478073907 0.023954242508466 0.019314377339082 0.009908592917906 0.03499366030552 0.014762971727342 0.013323558842692 0.010996319122858 0.014300277970999 0.025812084646399 0.013774651234565 0.020627276954368 0.022289714337395],
    [0.03003762293178 0.024028034151111 0.030317625879565 0.101918357017587 0.033684859429564 0.016546732063455 0.051026767291063 0.008792539122271 0.024821010516939 0.02070838698998 0.007265433614312 0.028160522674305 0.025507344746638 0.014305718590147 0.024501686107163 0.019770838251757 0.025634708805639 0.013261994393431 0.021428453897999 0.0175104551891],
    [0.040239757633216 0.027240121725497 0.038957855421918 0.033684859429564 0.084186441326594 0.013102039631964 0.030683114990461 0.009329532359921 0.022338707473804 0.016723425860667 0.009469164201705 0.030239737474177 0.004868424300702 0.012996415834839 0.019688863589902 0.014462589996749 0.026523493457822 0.011781491403383 0.019067922153415 0.025290726153949],
    [0.015753746209349 0.014780532959058 0.017024676408514 0.016546732063455 0.013102039631964 0.045546322618926 0.024053819130086 0.009721114482515 0.025348180325503 0.022066907386658 0.013407954548335 0.027118500000968 0.029271861523519 0.017666148809851 0.025616703559727 0.01211576330532 0.016440745985032 0.014279107809269 0.023222340135006 0.015556744457971],
    [0.020901320606043 0.033098711831861 0.029722501289929 0.051026767291063 0.030683114990461 0.024053819130086 0.419435740109041 0.011477565295854 0.042579570395332 0.035219728639183 0.016410203945159 0.026858724945831 0.035576381829818 0.02279674386249 0.061254442712256 0.030485215262191 0.033182344528116 0.018843469973971 0.031989975975234 0.013556548739957],
    [0.010599290285722 0.011552819915695 0.00980478073907 0.008792539122271 0.009329532359921 0.009721114482515 0.011477565295854 0.041603952007734 0.010508522499114 0.012654353044667 0.010775500238374 0.016264694466671 0.02839435328056 0.008767439301597 0.005296035825415 0.014670575655231 0.011681472878172 0.011308790475922 0.011995716652398 0.012350793595876],
    [0.022969634599781 0.023921951319338 0.023954242508466 0.024821010516939 0.022338707473804 0.025348180325503 0.042579570395332 0.010508522499114 0.070059650164303 0.031932681675489 0.011914877668708 0.035953252498342 0.037689078480604 0.023206827652217 0.03438071083178 0.030032807360198 0.027858949081679 0.01968588510039 0.051021491390749 0.019709534765143],
    [0.018184452941796 0.019261317981843 0.019314377339082 0.02070838698998 0.016723425860667 0.022066907386658 0.035219728639183 0.012654353044667 0.031932681675489 0.061876666057302 0.012119544562166 0.032548730414819 0.037031741557304 0.016678576740828 0.026459306692323 0.025405843850092 0.01951833438857 0.015293548042868 0.027455167376016 0.017700258458998],
    [0.010240781936638 0.010624375436169 0.009908592917906 0.007265433614312 0.009469164201705 0.013407954548335 0.016410203945159 0.010775500238374 0.011914877668708 0.012119544562166 0.026795081644734 0.012420626767153 0.014970292581857 0.012347504980603 0.015922535723888 0.010251092702776 0.010843846272749 0.009480106941065 0.01309306276484 0.00914149735524],
    [0.025973258402243 0.023173090065358 0.03499366030552 0.028160522674305 0.030239737474177 0.027118500000968 0.026858724945831 0.016264694466671 0.035953252498342 0.032548730414819 0.012420626767153 0.179749910435694 0.058493054783132 0.019223964528325 0.033173828688863 0.034920875598853 0.023589018847215 0.017337377334031 0.030907137690852 0.027376522902746],
    [0.009064297749123 0.018121979504474 0.014762971727342 0.025507344746638 0.004868424300702 0.029271861523519 0.035576381829818 0.02839435328056 0.037689078480604 0.037031741557304 0.014970292581857 0.058493054783132 0.494697541906723 0.019898343296291 0.056376935787249 0.059452838044951 0.015111514351748 0.014180557030523 0.025439788469831 0.023979222437031],
    [0.013538208101076 0.014968035434157 0.013323558842692 0.014305718590147 0.012996415834839 0.017666148809851 0.02279674386249 0.008767439301597 0.023206827652217 0.016678576740828 0.012347504980603 0.019223964528325 0.019898343296291 0.036539546031524 0.039313250146948 0.012002339660102 0.016367538036895 0.013024216890089 0.022285558956566 0.010168475613478],
    [0.006210715239239 0.013747654871833 0.010996319122858 0.024501686107163 0.019688863589902 0.025616703559727 0.061254442712256 0.005296035825415 0.03438071083178 0.026459306692323 0.015922535723888 0.033173828688863 0.056376935787249 0.039313250146948 0.252892111331342 0.029103381607604 0.01702654624531 0.00955948287177 0.0295607068289 0.008895620469753],
    [0.012688234416409 0.018860638211729 0.014300277970999 0.019770838251757 0.014462589996749 0.01211576330532 0.030485215262191 0.014670575655231 0.030032807360198 0.025405843850092 0.010251092702776 0.034920875598853 0.059452838044951 0.012002339660102 0.029103381607604 0.128579631489709 0.018970727664979 0.012512528618383 0.02346950763889 0.019336816446419],
    [0.025017676973642 0.023508873867951 0.025812084646399 0.025634708805639 0.026523493457822 0.016440745985032 0.033182344528116 0.011681472878172 0.027858949081679 0.01951833438857 0.010843846272749 0.023589018847215 0.015111514351748 0.016367538036895 0.01702654624531 0.018970727664979 0.041281485121884 0.015560942620389 0.024957639540371 0.019587608239884],
    [0.01496297568946 0.012939357937947 0.013774651234565 0.013261994393431 0.011781491403383 0.014279107809269 0.018843469973971 0.011308790475922 0.01968588510039 0.015293548042868 0.009480106941065 0.017337377334031 0.014180557030523 0.013024216890089 0.00955948287177 0.012512528618383 0.015560942620389 0.031037346425707 0.018369433119826 0.011288056098657],
    [0.020016194441763 0.02174053531735 0.020627276954368 0.021428453897999 0.019067922153415 0.023222340135006 0.031989975975234 0.011995716652398 0.051021491390749 0.027455167376016 0.01309306276484 0.030907137690852 0.025439788469831 0.022285558956566 0.0295607068289 0.02346950763889 0.024957639540371 0.018369433119826 0.046919986197744 0.01794461920481],
    [0.021040600912291 0.018137037509882 0.022289714337395 0.0175104551891 0.025290726153949 0.015556744457971 0.013556548739957 0.012350793595876 0.019709534765143 0.017700258458998 0.00914149735524 0.027376522902746 0.023979222437031 0.010168475613478 0.008895620469753 0.019336816446419 0.019587608239884 0.011288056098657 0.01794461920481 0.039986416856178],
)
bl.post_cov ≈ testpost_cov

## Efficient Frontier
ef = EfficientFrontier(names(df)[2:end], bl.post_ret, S)
max_sharpe!(ef)
testweights = [
    0.221896132231067,
    0.0,
    0.0,
    0.067801981190784,
    0.0,
    0.0,
    0.018545141283091,
    0.0,
    0.691756745295058,
    0.0,
    0.0,
    0.0,
    0.0,
    0.0,
    0.0,
    0.0,
    0.0,
    0.0,
    0.0,
    0.0,
]
isapprox(ef.weights, testweights, rtol = 1e-5)
mu, sigma, sr = portfolio_performance(ef)
mutest, sigmatest, srtest = 0.08173248653446699, 0.2193583713684134, 0.2814229798906876
isapprox(mu, mutest, rtol = 1e-5)
isapprox(sigma, sigmatest, rtol = 1e-5)
isapprox(sr, srtest, rtol = 1e-5)

ef.weights .= testweights
lpAlloc, remaining = Allocation(LP(), ef, Vector(df[end, ef.tickers]); investment = 10000)
testshares = [2, 4, 32, 232]
lpAlloc.shares == testshares

gAlloc, remaining =
    Allocation(Greedy(), ef, Vector(df[end, ef.tickers]); investment = 10000)
testshares = [231, 2, 4, 19]
gAlloc.shares == testshares

ef = EfficientFrontier(names(df)[2:end], bl.post_ret, S)
min_volatility!(ef)
testweights = [
    0.007909381852655,
    0.030690045397095,
    0.010506892855973,
    0.027486977795442,
    0.012277615067487,
    0.033411624151502,
    0.0,
    0.139848395652807,
    0.0,
    0.0,
    0.287822361245511,
    0.0,
    0.0,
    0.125283674542888,
    0.0,
    0.015085474081069,
    0.0,
    0.193123876049454,
    0.0,
    0.116553681308117,
]
isapprox(ef.weights, testweights, rtol = 1e-4)
mu, sigma, sr = portfolio_performance(ef)
mutest, sigmatest, srtest = 0.011450350358250433, 0.1223065907437908, -0.06990342539805944
isapprox(mu, mutest, rtol = 1e-4)
isapprox(sigma, sigmatest, rtol = 1e-6)
isapprox(sr, srtest, rtol = 1e-3)

ef.weights .= testweights
lpAlloc, remaining = Allocation(LP(), ef, Vector(df[end, ef.tickers]); investment = 10000)
testshares = [2, 1, 2, 26, 16, 82, 16, 2, 54, 20]
lpAlloc.shares == testshares

gAlloc, remaining =
    Allocation(Greedy(), ef, Vector(df[end, ef.tickers]); investment = 10000)
testshares = [81, 54, 16, 16, 20, 25, 2, 2, 3, 1]
gAlloc.shares == testshares

max_quadratic_utility!(ef, 2)
testweights = [
    0.142307545055626,
    0.0,
    0.0,
    0.045165241857315,
    0.0,
    0.0,
    0.019010547882617,
    0.0,
    0.793516665204442,
    0.0,
    0.0,
    0.0,
    0.0,
    0.0,
    0.0,
    0.0,
    0.0,
    0.0,
    0.0,
    0.0,
]
isapprox(ef.weights, testweights, rtol = 1e-5)
mu, sigma, sr = portfolio_performance(ef)
mutest, sigmatest, srtest = 0.0850569180412342, 0.2324517001148201, 0.27987284244038296
isapprox(mu, mutest, rtol = 1e-6)
isapprox(sigma, sigmatest, rtol = 1e-6)
isapprox(sr, srtest, rtol = 1e-6)

ef.weights .= testweights
lpAlloc, remaining = Allocation(LP(), ef, Vector(df[end, ef.tickers]); investment = 10000)
testshares = [1, 3, 20, 276]
lpAlloc.shares == testshares

gAlloc, remaining =
    Allocation(Greedy(), ef, Vector(df[end, ef.tickers]); investment = 10000)
testshares = [265, 1, 3, 19]
gAlloc.shares == testshares

efficient_risk!(ef, 0.2)
testweights = [
    2.682965379536906e-01,
    1.301727613248030e-02,
    6.941516000000000e-10,
    8.082980723587720e-02,
    2.778368900000000e-09,
    7.370853000000000e-10,
    1.569566834242780e-02,
    3.096453200000000e-09,
    5.290628313405414e-01,
    1.599880500000000e-09,
    1.590630700000000e-09,
    6.629340000000000e-10,
    5.250114000000000e-10,
    6.508987253961621e-02,
    4.401409430000000e-08,
    1.435398500000000e-09,
    2.166394700000000e-09,
    1.627557970000000e-08,
    2.800793056420930e-02,
    3.151541000000000e-10,
]
isapprox(ef.weights, testweights, rtol = 1e-4)
mu, sigma, sr = portfolio_performance(ef)
mutest, sigmatest, srtest = 0.07528445695449039, 0.1999999998533396, 0.2764222849751529
isapprox(mu, mutest, rtol = 1e-8)
isapprox(sigma, sigmatest, rtol = 1e-6)
isapprox(sr, srtest, rtol = 1e-6)

ef.weights .= testweights
lpAlloc, remaining = Allocation(LP(), ef, Vector(df[end, ef.tickers]); investment = 10000)
testshares = [3, 4, 13, 176, 8, 2]
lpAlloc.shares == testshares

gAlloc, remaining =
    Allocation(Greedy(), ef, Vector(df[end, ef.tickers]); investment = 10000)
testshares = [176, 2, 5, 9, 3, 16, 1, 1, 1, 1, 1, 1, 1, 1, 1]
gAlloc.shares == testshares

efficient_return!(ef, 0.07)
testweights = [
    0.248314255432587,
    0.034008459762881,
    0.0,
    0.07614301178335,
    0.0,
    0.0,
    0.012512720842415,
    0.0,
    0.425848064696512,
    0.0,
    0.0,
    0.0,
    0.0,
    0.11002301819797,
    0.0,
    0.0,
    0.0,
    0.038837837899579,
    0.054312631384705,
    0.0,
]
isapprox(ef.weights, testweights, rtol = 1e-4)
mu, sigma, sr = portfolio_performance(ef)
mutest, sigmatest, srtest = 0.07, 0.18628889663990178, 0.26840032284184107
isapprox(mu, mutest, rtol = 1e-6)
isapprox(sigma, sigmatest, rtol = 1e-7)
isapprox(sr, srtest, rtol = 1e-6)

ef.weights .= testweights
lpAlloc, remaining = Allocation(LP(), ef, Vector(df[end, ef.tickers]); investment = 10000)
testshares = [2, 2, 5, 13, 143, 15, 11, 5]
rmsd(Int.(lpAlloc.shares), testshares) <= 1

gAlloc, remaining =
    Allocation(Greedy(), ef, Vector(df[end, ef.tickers]); investment = 10000)
testshares = [142, 2, 14, 5, 5, 11, 2, 13]
gAlloc.shares == testshares

### Eff front market neutral
ef = EfficientFrontier(
    names(df)[2:end],
    bl.post_ret,
    S,
    market_neutral = true,
    weight_bounds = (-1, 1),
)
max_sharpe!(ef)
testweights = [
    0.762986154593938,
    0.296385852834282,
    -0.486716965453677,
    0.177003190230186,
    0.121993477778985,
    -0.463311778342318,
    0.012676176673992,
    0.190543821955541,
    0.55195291200316,
    -0.004864099330881,
    -0.105903955137662,
    -0.039570283245285,
    -0.024098048248515,
    0.304351666002147,
    0.01578308228419,
    -0.001253599586287,
    -0.038726173479159,
    0.31185831103011,
    0.418910257437251,
    -1.0,
]
isapprox(ef.weights, testweights, rtol = 1e-7)
mu, sigma, sr = portfolio_performance(ef)
mutest, sigmatest, srtest = 0.23339921135959843, 0.3472734444465163, 0.6144990778080186
isapprox(mu, mutest, rtol = 1e-7)
isapprox(sigma, sigmatest, rtol = 1e-7)
isapprox(sr, srtest, rtol = 1e-9)

ef.weights .= testweights
lpAlloc, remaining = Allocation(LP(), ef, Vector(df[end, ef.tickers]); investment = 10000)
testshares = [3, 5, 3, 2, 7, 58, 12, 3, 25, 12, -29, -358, -2, -30, -24, -74, -2, -169]
rmsd(Int.(lpAlloc.shares), testshares) <= 1

gAlloc, remaining =
    Allocation(Greedy(), ef, Vector(df[end, ef.tickers]); investment = 10000)
testshares = [3, 58, 11, 27, 12, 5, 7, 3, 4, 4, -168, -29, -357, -30, -24, -2, -73, -2, -1]
gAlloc.shares == testshares

ef = EfficientFrontier(
    names(df)[2:end],
    bl.post_ret,
    S,
    market_neutral = true,
    weight_bounds = (-1, 1),
)
min_volatility!(ef)
testweights = [
    0.003589375488559,
    0.03755470565059,
    0.017678840134291,
    0.033086142381968,
    0.01248643676087,
    0.053795551664664,
    -0.009710932107096,
    0.141218424731254,
    -0.010896109687934,
    0.018593267935107,
    0.283682357130765,
    -0.021141221569855,
    -0.009132893914897,
    0.145883284989944,
    0.000773588362254,
    0.025431696052056,
    0.014568945811608,
    0.20358571785576,
    -0.064209856959109,
    0.123162679289201,
]
isapprox(ef.weights, testweights, rtol = 1e-6)
mu, sigma, sr = portfolio_performance(ef)
mutest, sigmatest, srtest = 0.007547970562401391, 0.12111738873121844, -0.10280959297456398
isapprox(mu, mutest, rtol = 1e-6)
isapprox(sigma, sigmatest, rtol = 1e-14)
isapprox(sr, srtest, rtol = 1e-6)

ef.weights .= testweights
lpAlloc, remaining = Allocation(LP(), ef, Vector(df[end, ef.tickers]); investment = 10000)
testshares = [2, 1, 2, 37, 15, 4, 72, 17, 1, 3, 1, 51, 19, -10, -3, -12, -28, -6]
rmsd(Int.(lpAlloc.shares), testshares) <= 0.5

gAlloc, remaining =
    Allocation(Greedy(), ef, Vector(df[end, ef.tickers]); investment = 10000)
testshares = [72, 51, 17, 15, 19, 37, 2, 2, 3, 4, 1, 1, 1, -6, -12, -3, -10, -28]
gAlloc.shares == testshares

max_quadratic_utility!(ef)
testweights = [
    1.0,
    0.426913849108477,
    -0.899112930395218,
    0.276568855383093,
    0.135625407796987,
    -1.0,
    0.055969477291634,
    -0.033008319585208,
    1.0,
    -0.090464327162872,
    -0.770684036606438,
    -0.067011238393225,
    -0.04140724550793,
    0.310653348488697,
    0.033237184469854,
    -0.104174950464479,
    -0.215315619639611,
    0.169206567068369,
    0.813003978147871,
    -1.0,
]
isapprox(ef.weights, testweights, rtol = 1e-5)
mu, sigma, sr = portfolio_performance(ef)
mutest, sigmatest, srtest = 0.30865288246835887, 0.492856336854342, 0.585673472944849
isapprox(mu, mutest, rtol = 1e-5)
isapprox(sigma, sigmatest, rtol = 1e-5)
isapprox(sr, srtest, rtol = 1e-6)

ef.weights .= testweights
lpAlloc, remaining = Allocation(LP(), ef, Vector(df[end, ef.tickers]); investment = 10000)
testshares =
    [2, 6, 4, 44, 81, 11, 6, 12, 18, -54, -771, -4, -23, -219, -40, -126, -15, -12, -169]
lpAlloc.shares == testshares

gAlloc, remaining =
    Allocation(Greedy(), ef, Vector(df[end, ef.tickers]); investment = 10000)
testshares =
    [3, 79, 17, 5, 9, 3, 11, 14, 5, -771, -168, -54, -218, -13, -14, -23, -40, -126, -4]
gAlloc.shares == testshares

efficient_risk!(ef, 0.2)
testweights = [
    4.011943951916352e-01,
    1.479341183051060e-01,
    -2.207710538722699e-01,
    7.010589737916791e-02,
    1.042631570686915e-01,
    -2.082259922788151e-01,
    2.728431826645200e-03,
    7.300470985808140e-02,
    2.647605713529499e-01,
    1.035586817410430e-02,
    -1.579565672582347e-01,
    4.115326096184400e-03,
    -2.159594074949800e-03,
    6.896697187466180e-02,
    2.997857007137000e-04,
    8.584124489862901e-03,
    3.709806063010500e-02,
    7.291225417342059e-02,
    2.662917880916170e-01,
    -9.435022527286794e-01,
]
isapprox(ef.weights, testweights, rtol = 1e-5)
mu, sigma, sr = portfolio_performance(ef)
mutest, sigmatest, srtest = 0.1435925344169654, 0.19999999989333053, 0.6179626724144157
isapprox(mu, mutest, rtol = 1e-6)
isapprox(sigma, sigmatest, rtol = 1e-6)
isapprox(sr, srtest, rtol = 1e-7)

ef.weights .= testweights
lpAlloc, remaining = Allocation(LP(), ef, Vector(df[end, ef.tickers]); investment = 10000)
testshares = [3, 6, 3, 2, 6, 58, 2, 2, 6, 1, 1, 1, 14, 16, -13, -162, -45, -7, -159]
rmsd(lpAlloc.shares, testshares) <= 0.5

gAlloc, remaining =
    Allocation(Greedy(), ef, Vector(df[end, ef.tickers]); investment = 10000)
testshares = [2, 15, 57, 6, 1, 5, 13, 3, 6, 1, 1, 1, 2, -158, -13, -160, -45, -7]
gAlloc.shares == testshares

efficient_return!(ef, 0.07)
testweights = [
    1.955786393513531e-01,
    7.211643474355210e-02,
    -1.076236901818929e-01,
    3.417582789309590e-02,
    5.082732970587820e-02,
    -1.015078387959005e-01,
    1.330070131094100e-03,
    3.558932040881150e-02,
    1.290677217451837e-01,
    5.048447975984000e-03,
    -7.700222068272380e-02,
    2.006233620643200e-03,
    -1.052761181828400e-03,
    3.362061842342390e-02,
    1.461368350657000e-04,
    4.184759818585200e-03,
    1.808508509531880e-02,
    3.554402444179850e-02,
    1.298148468599680e-01,
    -4.599489862074102e-01,
]
isapprox(ef.weights, testweights, rtol = 1e-4)
mu, sigma, sr = portfolio_performance(ef)
mutest, sigmatest, srtest = 0.06999999999999999, 0.09749810496318828, 0.5128304803347528
isapprox(mu, mutest, rtol = 1e-8)
isapprox(sigma, sigmatest, rtol = 1e-8)
isapprox(sr, srtest, rtol = 1e-8)

ef.weights .= testweights
lpAlloc, remaining = Allocation(LP(), ef, Vector(df[end, ef.tickers]); investment = 10000)
testshares = [3, 6, 3, 2, 6, 58, 2, 2, 6, 1, 1, 1, 14, 16, -6, -79, -22, -4, -78]
lpAlloc.shares == testshares

gAlloc, remaining =
    Allocation(Greedy(), ef, Vector(df[end, ef.tickers]); investment = 10000)
testshares = [2, 15, 57, 6, 1, 5, 13, 3, 6, 1, 1, 1, 2, -77, -6, -78, -22, -4]
gAlloc.shares == testshares

## Mean semivar
ef = EfficientSemiVar(tickers, bl.post_ret, Matrix(dropmissing(returns)), benchmark = 0)
max_sortino!(ef)
mumax, varmax, smax = portfolio_performance(ef)

ef = EfficientSemiVar(tickers, bl.post_ret, Matrix(dropmissing(returns)), benchmark = 0)
min_semivar!(ef)

testweights = [
    -8.836959900000000e-09,
    5.211306673060680e-02,
    -5.546965560000000e-08,
    3.273135667801300e-03,
    3.246505644507460e-02,
    6.374472200000000e-09,
    3.371255680000000e-07,
    1.255659243075475e-01,
    1.633273845000000e-07,
    4.589898500000000e-08,
    3.061337299353124e-01,
    -6.684586460000000e-08,
    -1.418747400000000e-08,
    9.674675422017130e-02,
    4.653018274916000e-03,
    1.988382240191780e-02,
    1.809257784940300e-03,
    2.315968397352792e-01,
    1.032235721000000e-07,
    1.257588839643445e-01,
]
isapprox(ef.weights, testweights, rtol = 1e-1)
mu, sigma, sr = portfolio_performance(ef)
mutest, sigmatest, srtest = 0.011139799284510227, 0.08497381732464267, -0.1042697738485651
isapprox(mu, mutest, atol = 1e-2)
isapprox(sigma, sigmatest, rtol = 1e-3)
isapprox(sr, srtest, atol = 1e-1)

ef.weights .= testweights
lpAlloc, remaining = Allocation(LP(), ef, Vector(df[end, ef.tickers]); investment = 10000)
testshares = [3, 1, 1, 2, 15, 87, 13, 4, 3, 65, 22]
lpAlloc.shares == testshares

gAlloc, remaining =
    Allocation(Greedy(), ef, Vector(df[end, ef.tickers]); investment = 10000)
testshares = [86, 64, 21, 15, 13, 3, 3, 3, 1, 1, 1]
gAlloc.shares == testshares

max_quadratic_utility!(ef, eps())
testweights = [
    1.100000000000000e-15,
    1.200000000000000e-15,
    1.100000000000000e-15,
    1.000000000000000e-15,
    1.200000000000000e-15,
    1.000000000000000e-15,
    5.000000000000000e-16,
    1.500000000000000e-15,
    9.999999999999784e-01,
    9.000000000000000e-16,
    1.500000000000000e-15,
    8.000000000000000e-16,
    7.000000000000000e-16,
    1.200000000000000e-15,
    9.000000000000000e-16,
    1.100000000000000e-15,
    1.000000000000000e-15,
    1.300000000000000e-15,
    5.000000000000000e-16,
    1.300000000000000e-15,
]
isapprox(ef.weights, testweights, rtol = 1e-3)
mu, sigma, sr = portfolio_performance(ef)
mutest, sigmatest, srtest = 0.091419219703374, 0.1829724238719523, 0.39032777831786586
isapprox(mu, mutest, rtol = 1e-3)
isapprox(sigma, sigmatest, rtol = 1e-3)
isapprox(sr, srtest, rtol = 1e-4)

ef.weights .= testweights
lpAlloc, remaining = Allocation(LP(), ef, Vector(df[end, ef.tickers]); investment = 10000)
testshares = [334]
lpAlloc.shares == testshares

gAlloc, remaining =
    Allocation(Greedy(), ef, Vector(df[end, ef.tickers]); investment = 10000)
testshares = [334, 1]
gAlloc.shares == testshares

efficient_risk!(ef, 0.13)
testweights = [
    2.874750375415112e-01,
    6.195275902493500e-02,
    4.152863104000000e-07,
    3.754883121164440e-02,
    2.335468505800000e-06,
    4.139595347000000e-07,
    5.180351073718700e-03,
    2.282885531500000e-06,
    4.040036784043188e-01,
    8.569500938000000e-07,
    1.073950326300000e-06,
    4.148599173000000e-07,
    3.056287327000000e-07,
    5.362159168381390e-02,
    3.496258672140000e-05,
    1.238539893500000e-06,
    1.317666202400000e-06,
    6.146402530123640e-02,
    8.870790761308990e-02,
    2.002169627000000e-07,
]
isapprox(ef.weights, testweights, rtol = 1e-2)
mu, sigma, sr = portfolio_performance(ef)
mutest, sigmatest, srtest = 0.06959704494304779, 0.1300556974853854, 0.38135234289617415
isapprox(mu, mutest, rtol = 1e-3)
isapprox(sigma, sigmatest, rtol = 1e-3)
isapprox(sr, srtest, rtol = 1e-3)

ef.weights .= testweights
lpAlloc, remaining = Allocation(LP(), ef, Vector(df[end, ef.tickers]); investment = 10000)
testshares = [3, 3, 2, 135, 7, 17, 8]
lpAlloc.shares == testshares

gAlloc, remaining =
    Allocation(Greedy(), ef, Vector(df[end, ef.tickers]); investment = 10000)
testshares = [135, 3, 8, 3, 17, 6, 2, 6, 1, 1]
gAlloc.shares == testshares

efficient_return!(ef, 0.09)
testweights = [
    3.904746815385050e-02,
    5.923397958900000e-06,
    9.829962419900001e-06,
    4.485521037400000e-06,
    6.398473463000000e-06,
    1.058079920190000e-05,
    8.609310912354300e-03,
    9.421584972200000e-06,
    9.522038516156038e-01,
    7.426588225800000e-06,
    1.019932942990000e-05,
    9.315528047900000e-06,
    1.118486159000000e-05,
    6.553049888500000e-06,
    5.498591175600000e-06,
    8.239081503600000e-06,
    6.940805469200000e-06,
    7.319651581700000e-06,
    3.430088268500000e-06,
    1.661143469400000e-05,
]
isapprox(ef.weights, testweights, rtol = 1e-2)
mu, sigma, sr = portfolio_performance(ef)
mutest, sigmatest, srtest = 0.09000090563810152, 0.17811334827609804, 0.393013248673487
isapprox(mu, mutest, rtol = 1e-5)
isapprox(sigma, sigmatest, rtol = 1e-4)
isapprox(sr, srtest, rtol = 1e-4)

ef.weights .= testweights
lpAlloc, remaining = Allocation(LP(), ef, Vector(df[end, ef.tickers]); investment = 10000)
testshares = [1, 9, 319, 1, 1, 1, 1, 1, 1, 1, 1, 1]
lpAlloc.shares == testshares

gAlloc, remaining =
    Allocation(Greedy(), ef, Vector(df[end, ef.tickers]); investment = 10000)
testshares = [318, 9, 1, 1, 1, 1, 1, 1, 1, 1]
gAlloc.shares == testshares

### Mean semivar market neutral
ef = EfficientSemiVar(
    tickers,
    bl.post_ret,
    Matrix(dropmissing(returns)),
    benchmark = 0,
    market_neutral = true,
    weight_bounds = (-1, 1),
)
min_semivar!(ef)
testweights = [
    0.0,
    0.0,
    0.0,
    0.0,
    0.0,
    0.0,
    0.0,
    0.0,
    0.0,
    0.0,
    0.0,
    0.0,
    0.0,
    0.0,
    0.0,
    0.0,
    0.0,
    0.0,
    0.0,
    0.0,
]
isapprox(ef.weights, testweights, atol = 1e-1)
mu, sigma, sr = portfolio_performance(ef)
mutest, sigmatest, srtest = 0, 0, 0
isapprox(mu, mutest, atol = 1e-2)
isapprox(sigma, sigmatest, atol = 1e-2)

ef.weights .= testweights
lpAlloc, remaining =
    Allocation(LP(), ef, Vector(df[end, ef.tickers]); investment = 10000, silent = true)
testshares = nothing
lpAlloc.shares == testshares

gAlloc, remaining =
    Allocation(Greedy(), ef, Vector(df[end, ef.tickers]); investment = 10000)
testshares = nothing
gAlloc.shares == testshares

max_quadratic_utility!(ef)
testweights = [
    0.9999999987191048,
    0.8025061567310201,
    -0.9999999983660633,
    0.6315188600428658,
    0.4922749743437155,
    -0.9999999990605686,
    0.1762382499326327,
    -0.733252470272586,
    0.9999999993131146,
    -0.2585591997727487,
    -0.9999999983706372,
    -0.2591719865317014,
    -0.1281535712856913,
    0.4788874233441203,
    -0.0263096469774795,
    -0.0874576034104335,
    -0.4552360118252822,
    0.3667148242725146,
    0.9999999989095066,
    -0.9999999997354032,
]
isapprox(ef.weights, testweights, rtol = 1e-2)
mu, sigma, sr = portfolio_performance(ef)
mutest, sigmatest, srtest = 0.3695444374167076, 0.4300511641888641, 0.8127973286062292
isapprox(mu, mutest, rtol = 1e-3)
isapprox(sigma, sigmatest, rtol = 1e-3)
isapprox(sr, srtest, rtol = 1e-3)

ef.weights .= testweights
lpAlloc, remaining = Allocation(LP(), ef, Vector(df[end, ef.tickers]); investment = 10000)
testshares = [
    1,
    8,
    6,
    1,
    30,
    57,
    11,
    17,
    15,
    -60,
    -771,
    -85,
    -66,
    -284,
    -155,
    -387,
    -17,
    -12,
    -27,
    -168,
]
lpAlloc.shares == testshares

gAlloc, remaining =
    Allocation(Greedy(), ef, Vector(df[end, ef.tickers]); investment = 10000)
testshares = [
    57,
    15,
    1,
    8,
    6,
    1,
    11,
    17,
    30,
    -168,
    -771,
    -284,
    -60,
    -85,
    -27,
    -154,
    -66,
    -389,
    -12,
    -17,
]
gAlloc.shares == testshares

efficient_risk!(ef, 0.13)
testweights = [
    0.423840175531549,
    0.153868620456201,
    -0.17273587531483,
    0.075346138406724,
    0.14756120611187,
    -0.264240220855537,
    0.011500806938995,
    0.036277198349417,
    0.164956472823101,
    -0.011353011722617,
    -0.140741456448818,
    0.021451677598097,
    -0.001559330611481,
    0.016650555284113,
    -0.010666436683385,
    0.02763414585217,
    -0.019506524583918,
    0.121695189218685,
    0.369932229128064,
    -0.949911559486228,
]
isapprox(ef.weights, testweights, rtol = 1e-3)
mu, sigma, sr = portfolio_performance(ef)
mutest, sigmatest, srtest = 0.14346415111692887, 0.1300415287657269, 0.9494209448994764
isapprox(mu, mutest, rtol = 1e-3)
isapprox(sigma, sigmatest, rtol = 1e-3)
isapprox(sr, srtest, rtol = 1e-4)

ef.weights .= testweights
lpAlloc, remaining = Allocation(LP(), ef, Vector(df[end, ef.tickers]); investment = 10000)
testshares = [2, 6, 3, 1, 7, 3, 35, 7, 2, 3, 22, 21, -10, -204, -3, -40, -8, -11, -1, -160]
lpAlloc.shares == testshares

gAlloc, remaining =
    Allocation(Greedy(), ef, Vector(df[end, ef.tickers]); investment = 10000)
testshares = [2, 21, 35, 6, 1, 21, 3, 3, 3, 8, 2, 8, -159, -204, -11, -39, -1, -3, -7, -4]
rmsd(Int.(gAlloc.shares), testshares) < 4

efficient_return!(ef, 0.09)
testweights = [
    2.666155000843805e-01,
    1.000205615502960e-01,
    -1.109461468510381e-01,
    4.458166169899530e-02,
    9.324272424737901e-02,
    -1.650002620767060e-01,
    7.865259980471200e-03,
    2.291134032560510e-02,
    1.051873711703434e-01,
    -9.433352247161599e-03,
    -9.115863996696000e-02,
    1.332391558924420e-02,
    4.224537248974000e-04,
    1.161933418260970e-02,
    -6.157199603787500e-03,
    1.670878511393480e-02,
    -1.312104640268140e-02,
    7.464390852176560e-02,
    2.321656069881314e-01,
    -5.934917762008577e-01,
]
isapprox(ef.weights, testweights, rtol = 5e-2)
mu, sigma, sr = portfolio_performance(ef)
mutest, sigmatest, srtest = 0.09000000684283793, 0.08158778822807418, 0.8579716200561383
isapprox(mu, mutest, rtol = 1e-4)
isapprox(sigma, sigmatest, rtol = 1e-3)
isapprox(sr, srtest, rtol = 1e-3)

ef.weights .= testweights
lpAlloc, remaining = Allocation(LP(), ef, Vector(df[end, ef.tickers]); investment = 10000)
testshares = [2, 6, 3, 1, 8, 3, 35, 8, 2, 2, 3, 21, 21, -7, -126, -2, -26, -3, -1, -99]
rmsd(lpAlloc.shares, testshares) < 1

gAlloc, remaining =
    Allocation(Greedy(), ef, Vector(df[end, ef.tickers]); investment = 10000)
testshares = [2, 21, 35, 6, 1, 21, 3, 3, 3, 8, 2, 8, 2, -99, -127, -7, -25, -1, -2, -4]
rmsd(Int.(gAlloc.shares), testshares) < 3

## CVaR
cv = EfficientCVaR(tickers, bl.post_ret, Matrix(dropmissing(returns)))
min_cvar!(cv, ECOS.Optimizer)
testweights = [
    1.196700000000000e-12,
    4.242033345496910e-02,
    1.247300000000000e-12,
    3.092200000000000e-12,
    7.574027808866600e-03,
    1.305400000000000e-12,
    1.735000000000000e-13,
    9.464947870552300e-02,
    5.519000000000000e-13,
    7.337000000000000e-13,
    3.040110655916818e-01,
    6.947000000000000e-13,
    3.879000000000000e-13,
    6.564167130410940e-02,
    1.189600000000000e-12,
    2.937161110264830e-02,
    1.548900000000000e-12,
    3.663101128889494e-01,
    7.108000000000000e-13,
    9.002169913041960e-02,
]
isapprox(cv.weights, testweights, rtol = 1e-3)
mu, sigma = portfolio_performance(cv)
mutest, sigmatest = 0.014253439792781208, 0.017049502122532846
isapprox(mu, mutest, rtol = 1e-3)
isapprox(sigma, sigmatest, rtol = 1e-3)

cv.weights .= testweights
lpAlloc, remaining = Allocation(LP(), cv, Vector(df[end, cv.tickers]); investment = 10000)
testshares = [3, 11, 86, 8, 4, 103, 15]
lpAlloc.shares == testshares

gAlloc, remaining =
    Allocation(Greedy(), cv, Vector(df[end, cv.tickers]); investment = 10000)
testshares = [102, 86, 11, 16, 8, 3, 4]
gAlloc.shares == testshares

efficient_return!(cv, 0.07, ECOS.Optimizer)
testweights = [
    3.839859145444188e-01,
    3.596981096365410e-02,
    6.780000000000000e-14,
    7.786600000000000e-12,
    6.220000000000000e-13,
    9.530000000000000e-14,
    8.145000000000000e-13,
    8.463000000000000e-13,
    4.466960681039454e-01,
    2.409000000000000e-13,
    3.971000000000000e-13,
    1.291000000000000e-13,
    4.190000000000000e-14,
    1.071394799383709e-01,
    6.634200000000000e-12,
    4.764000000000000e-13,
    3.925000000000000e-13,
    2.620872642514560e-02,
    5.954000000000000e-12,
    -3.320000000000000e-14,
]
isapprox(cv.weights, testweights, rtol = 1e-3)
mu, sigma = portfolio_performance(cv)
mutest, sigmatest = 0.06999999999999391, 0.028255572821056847
isapprox(mu, mutest, rtol = 1e-7)
isapprox(sigma, sigmatest, rtol = 1e-4)

cv.weights .= testweights
lpAlloc, remaining = Allocation(LP(), cv, Vector(df[end, cv.tickers]); investment = 10000)
testshares = [4, 2, 147, 12, 7]
lpAlloc.shares == testshares

gAlloc, remaining =
    Allocation(Greedy(), cv, Vector(df[end, cv.tickers]); investment = 10000)
testshares = [149, 3, 13, 4, 7, 3, 1]
gAlloc.shares == testshares

efficient_risk!(cv, 0.14813)
testweights = [
    2.850000000000000e-14,
    1.580000000000000e-14,
    3.500000000000000e-15,
    -5.300000000000000e-15,
    2.060000000000000e-14,
    1.300000000000000e-15,
    3.591000000000000e-13,
    9.200000000000000e-15,
    9.999999999994234e-01,
    1.310000000000000e-14,
    6.900000000000000e-15,
    0.000000000000000e+00,
